predict ...
0.19024423160251533 0.48382037662847943 0.32593539176900527  error 

0.1786006379003685 0.4754934711250229 0.3459058909746086  error 

0.190244231602535 0.48382037662845634 0.3259353917690086  error 

0.1902442316025193 0.4838203766284844 0.32593539176899633  error 

0.19024423160252327 0.48382037662846267 0.325935391769014  error 

0.18454433691078498 0.4469046641298438 0.36855099895937127  error 

0.1902442316025268 0.48382037662845456 0.32593539176901853  error 

0.1902442316025243 0.48382037662846145 0.32593539176901415  error 

0.12944020165094922 0.5222611472398957 0.3482986511091551  error 

0.19024423160252246 0.48382037662846644 0.32593539176901115  error 

0.17453170217638053 0.4790940645158166 0.346374233307803  error 

0.1786006379003685 0.4754934711250229 0.3459058909746086  error 

0.1902442316024998 0.4838203766285129 0.3259353917689873  error 

0.19024423160252327 0.4838203766284636 0.3259353917690131  error 

0.19024423160251672 0.4838203766284784 0.32593539176900493  error 

0.19024423160252227 0.4838203766284674 0.32593539176901043  error 

0.31201196158270633 0.392217304981304 0.29577073343598964  error 

0.16518402287611741 0.468318584318411 0.3664973928054717  error 

0.20908125695212798 0.46615195123329206 0.32476679181458  error 

0.19024423160251477 0.48382037662848804 0.32593539176899716  error 

0.1593340460888037 0.4651701636891342 0.37549579022206203  error 

0.1786006379003685 0.4754934711250229 0.3459058909746086  error 

0.1739090318767246 0.4842158268673561 0.3418751412559193  error 

0.1902442316025241 0.48382037662846133 0.3259353917690146  error 

0.1902442316025259 0.48382037662845945 0.3259353917690146  error 

0.14777538353537506 0.3816663548724552 0.4705582615921697  error 

0.19024423160248854 0.48382037662854327 0.3259353917689682  error 

0.18871489415457962 0.48444855740993803 0.32683654843548227  error 

0.19024423160252496 0.4838203766284618 0.3259353917690133  error 

0.1902442316025161 0.4838203766284831 0.3259353917690008  error 

0.1593784241068222 0.33787401557307817 0.5027475603200997  right 

0.21459708189615084 0.3500360613797882 0.435366856724061  error 

0.1902442316025193 0.48382037662847166 0.325935391769009  error 

0.19024423156994758 0.48382037671078065 0.3259353917192718  error 

0.17435100557882097 0.483276833774954 0.342372160646225  error 

0.15155632123919066 0.3237073651911784 0.524736313569631  error 

0.17633423623714573 0.48904840756807477 0.3346173561947794  error 

0.19024423160251674 0.48382037662847743 0.3259353917690059  error 

0.1902442316025237 0.4838203766284637 0.3259353917690125  error 

0.2577100709241509 0.38888043516770743 0.35340949390814175  error 

0.19154703922461053 0.492085263188838 0.3163676975865514  error 

0.4083442325446073 0.1302867988110518 0.4613689686443409  error 

0.14490126266923148 0.6003328792054269 0.25476585812534164  right 

0.19024423160251452 0.4838203766284817 0.3259353917690037  error 

0.19024423160252693 0.48382037662845456 0.3259353917690184  error 

0.20974787003673165 0.39743598526075813 0.39281614470251014  error 

0.19024423160252363 0.48382037662846383 0.3259353917690125  error 

0.3405813259933697 0.41517512802943135 0.244243545977199  error 

0.1902442316025224 0.48382037662846433 0.32593539176901315  error 

0.19024423160251341 0.4838203766284818 0.3259353917690049  error 

0.19024423160239695 0.4838203766287419 0.3259353917688611  error 

0.11363331321437524 0.24324462908759242 0.6431220576980322  right 

0.18384915874364524 0.0945290825235411 0.7216217587328136  right 

0.12705946279052696 0.5626930200187648 0.3102475171907082  error 

0.19024423160251683 0.4838203766284768 0.3259353917690063  error 

0.19024423160252188 0.48382037662847016 0.3259353917690081  error 

0.19024423160252046 0.48382037662846933 0.3259353917690102  error 

0.1633606157111696 0.5355066909288791 0.3011326933599512  error 

0.10254257902246197 0.21183020213938708 0.6856272188381509  right 

0.10056813913583748 0.3554798849746603 0.5439519758895023  right 

0.13269463872097462 0.44864063575284746 0.4186647255261779  error 

0.19024423160252188 0.48382037662847016 0.3259353917690081  error 

0.19024423160251702 0.4838203766284834 0.32593539176899966  error 

0.1902442316025262 0.4838203766284578 0.32593539176901604  error 

0.1902442316025139 0.4838203766284972 0.3259353917689889  error 

0.1338816262493699 0.4070637546200802 0.45905461913054996  error 

0.36140661377787153 0.44339574190681874 0.1951976443153097  error 

0.19024423160249831 0.48382037662851957 0.3259353917689822  error 

0.3893661649035575 0.3086502969918257 0.3019835381046167  error 

0.19024423160252085 0.48382037662846705 0.32593539176901204  error 

0.19024423160252343 0.483820376628463 0.32593539176901365  error 

0.19793377949477045 0.4484136514877875 0.3536525690174421  error 

0.13130127747597262 0.36437991334028336 0.504318809183744  error 

0.15804242535354596 0.365984649914363 0.47597292473209096  error 

0.19024423160252488 0.4838203766284623 0.32593539176901265  error 

0.19657530246629684 0.43835312300728657 0.3650715745264166  error 

0.1269302984251803 0.40947063964218783 0.4635990619326318  error 

0.06054343447476035 0.11476965257443553 0.8246869129508042  error 

0.19133525021851433 0.47604696012904546 0.33261778965244027  error 

0.1902442316025251 0.4838203766284577 0.32593539176901715  error 

0.21712930469724284 0.40393440544425746 0.3789362898584998  error 

0.19024423160252404 0.4838203766284603 0.3259353917690157  error 

0.16693346018501537 0.4763997939204965 0.35666674589448816  error 

0.19024423160249868 0.4838203766285185 0.3259353917689828  error 

0.1902442316025218 0.48382037662846833 0.3259353917690098  error 

0.19024423160252285 0.48382037662847466 0.3259353917690026  error 

0.19024423160251722 0.4838203766284766 0.3259353917690062  error 

0.16821452524915612 0.48718278222676087 0.34460269252408315  error 

0.1635798769954453 0.677368544340187 0.15905157866436767  right 

0.11159518979422217 0.2885657672101578 0.59983904299562  error 

0.1902442316034356 0.48382037662534283 0.32593539177122155  error 

0.1902442316024734 0.483820376628576 0.32593539176895053  error 

0.2654063346078332 0.4499784643697761 0.28461520102239063  error 

0.09251364587635537 0.10130034803029345 0.8061860060933512  error 

0.292889167142208 0.44111026995486846 0.2660005629029235  error 

0.17873954102811876 0.48130532874468535 0.3399551302271959  error 

0.12863215084546345 0.4454259314816577 0.425941917672879  error 

0.1902442316025237 0.48382037662846156 0.3259353917690147  error 

0.0723517079520339 0.20557694966280426 0.7220713423851619  right 

0.1786006379003685 0.4754934711250229 0.3459058909746086  error 

0.19024423160251805 0.4838203766284743 0.32593539176900765  error 

0.19024423160249684 0.48382037662851934 0.3259353917689838  error 

0.1255006162751919 0.36354141016843045 0.5109579735563776  error 

0.1902442316025269 0.4838203766284545 0.32593539176901865  error 

0.1786006379003685 0.4754934711250229 0.3459058909746086  error 

0.19024423160251308 0.48382037662848565 0.32593539176900127  error 

0.19024423160253084 0.4838203766284445 0.32593539176902464  error 

0.1751948261157726 0.48201174757093884 0.3427934263132885  error 

0.19024423402046256 0.4838203740106175 0.32593539196891985  error 

0.1902442316025249 0.48382037662846156 0.3259353917690136  error 

0.19024423160250953 0.4838203766284993 0.32593539176899117  error 

0.19024423160252132 0.48382037662846417 0.32593539176901454  error 

0.19024423160250928 0.4838203766285055 0.32593539176898506  error 

0.190244231602504 0.4838203766285054 0.32593539176899067  error 

0.190244231602504 0.4838203766285054 0.32593539176899067  error 

0.17928654495495305 0.47411838280181245 0.34659507224323444  error 

0.38739830671205655 0.33604166792941437 0.276560025358529  error 

0.1902442316024991 0.48382037662851674 0.3259353917689843  error 

0.19024423160249793 0.48382037662851957 0.32593539176898245  error 

0.19024423160251755 0.48382037662847655 0.32593539176900593  error 

0.19024423160252815 0.4838203766284531 0.32593539176901887  error 

0.1902442316025247 0.48382037662845945 0.32593539176901587  error 

0.19024423160252465 0.4838203766284594 0.3259353917690159  error 

0.1463732356189643 0.412876844204355 0.4407499201766807  error 

0.1786006379003685 0.4754934711250229 0.3459058909746086  error 

0.1902442316025266 0.4838203766284531 0.3259353917690202  error 

0.1786006379003685 0.4754934711250229 0.3459058909746086  error 

0.19024423160252327 0.4838203766284631 0.32593539176901354  error 

0.16573878516272272 0.46964191099175734 0.36461930384551994  error 

0.19024423160249868 0.4838203766285172 0.32593539176898434  error 

0.1902442316025249 0.48382037662845917 0.3259353917690159  error 

0.19024423160252155 0.4838203766284692 0.32593539176900926  error 

0.1786006379003685 0.4754934711250229 0.3459058909746086  error 

0.278402163047192 0.10593478514507901 0.6156630518077291  error 

0.1714128988949096 0.4820483589186549 0.34653874218643566  error 

0.1902442316024839 0.48382037662855315 0.32593539176896286  error 

0.19024423160252177 0.4838203766284673 0.3259353917690111  error 

0.19024423160252077 0.4838203766284678 0.3259353917690114  error 

0.1902442316024982 0.4838203766285185 0.3259353917689833  error 

0.13183488493748233 0.360605361389067 0.5075597536734506  error 

0.1251715402375066 0.19684119819166956 0.6779872615708239  error 

0.134445336095406 0.49698874318821396 0.36856592071638  error 

0.1786006379003685 0.4754934711250229 0.3459058909746086  error 

0.1786006379003685 0.4754934711250229 0.3459058909746086  error 

0.28003648904620404 0.2142583244936386 0.5057051864601574  right 

0.19024423160245382 0.4838203766286107 0.3259353917689355  error 

0.32122634968944647 0.3641013820931559 0.3146722682173977  error 

0.13496223188232842 0.3588787152322727 0.5061590528853989  right 

0.19024597984184843 0.48381993245333693 0.3259340877048146  error 

0.3340305220764969 0.33101988270010807 0.3349495952233951  error 

0.14460999890590862 0.43183942893240784 0.42355057216168357  error 

0.14487968108916507 0.19566884912564372 0.6594514697851912  right 

0.17563530806835484 0.4892113593587257 0.3351533325729195  error 

0.17646481073633405 0.4809441656518385 0.34259102361182747  error 

0.21286313908822418 0.488777557971819 0.29835930293995677  error 

0.17563530806835484 0.4892113593587257 0.3351533325729195  error 

0.33312055020312187 0.29723245820492195 0.36964699159195624  error 

0.19024423160249623 0.4838203766285216 0.32593539176898206  error 

0.19024423160252946 0.4838203766284838 0.3259353917689868  error 

0.1645538128667125 0.4887555189281746 0.3466906682051129  error 

0.145962662585586 0.19801973921521993 0.6560175981991941  error 

0.1645538128667125 0.4887555189281746 0.3466906682051129  error 

0.09907686721070527 0.4637137648153566 0.437209367973938  error 

0.16177797153767665 0.4714075759356258 0.3668144525266974  error 

0.19024423160252668 0.4838203766284542 0.32593539176901926  error 

0.19024423160250695 0.4838203766284997 0.3259353917689932  error 

0.1463732356189643 0.412876844204355 0.4407499201766807  error 

0.1786006379003685 0.4754934711250229 0.3459058909746086  error 

0.17736741794907324 0.4583287268350471 0.36430385521587955  error 

0.1479220964792928 0.3899606667496086 0.4621172367710986  error 

0.19024423160251866 0.4838203766284725 0.3259353917690089  error 

0.19024423160252307 0.48382037662846333 0.3259353917690135  error 

0.19024423160252496 0.48382037662845845 0.3259353917690167  error 

0.19024423160252496 0.48382037662845845 0.3259353917690167  error 

0.19024423160251508 0.4838203766284815 0.3259353917690034  error 

0.19024423160252496 0.48382037662845845 0.3259353917690167  error 

0.35168000897015483 0.2837104537531837 0.3646095372766615  error 

0.18445422067519884 0.4714138836810646 0.34413189564373664  error 

0.18191988075533438 0.3755016173669374 0.4425785018777283  error 

0.14604560396383556 0.41811736407765715 0.4358370319585074  error 

0.19024423160252496 0.48382037662845845 0.3259353917690167  error 

0.19024423160252496 0.48382037662845845 0.3259353917690167  error 

0.0729669691642703 0.032659841186161935 0.8943731896495678  error 

0.1482926471441867 0.4404272970810281 0.4112800557747852  error 

0.19024423160252701 0.4838203766284523 0.3259353917690207  error 

0.19024423160252346 0.4838203766284643 0.3259353917690123  error 

0.1325462043017293 0.3403331651516589 0.5271206305466117  right 

0.19024423160251927 0.4838203766284708 0.32593539176901  error 

0.01800230591291693 0.21547210058126692 0.7665255935058162  right 

0.1562508423460219 0.1299360589992275 0.7138130986547505  right 

0.19024423160252266 0.4838203766284654 0.3259353917690121  error 

0.07808707706859914 0.029307767615854147 0.8926051553155466  error 

0.1902442316025137 0.4838203766284835 0.3259353917690029  error 

0.19024423160253318 0.4838203766284392 0.32593539176902775  error 

0.019911468755319822 0.3103759421851975 0.6697125890594828  error 

0.07005436208874104 0.35154752796853456 0.5783981099427244  right 

0.19024423160249823 0.48382037662851696 0.3259353917689848  error 

0.19024423160252993 0.4838203766284445 0.3259353917690255  error 

0.15006081350724862 0.16926711655325036 0.6806720699395011  error 

0.11968050711084259 0.23931583014977623 0.6410036627393813  error 

accuracy=7.5%