
0.1916931233615729 0.4826078145013397 0.32569906213708744  error 1

0.21794735965529888 0.4201114555433735 0.36194118480132775  error 1

0.19169312336159644 0.482607814501337 0.3256990621370665  error 

0.19169312336158015 0.4826078145013518 0.3256990621370682  error 

0.19169312336157465 0.4826078145013405 0.3256990621370848  error 

0.1513895976494491 0.3964950520828073 0.4521153502677437  error 

0.191693123361575 0.4826078145013394 0.32569906213708555  error 1

0.19169312336157462 0.48260781450134177 0.3256990621370836  error 

0.12087189619865958 0.42286015124040865 0.4562679525609317  error 1

0.19169312336157499 0.48260781450134393 0.32569906213708094  error 1

0.21584861304795472 0.4228898601201873 0.361261526831858  error 

0.21794735965529888 0.4201114555433735 0.36194118480132775  error 

0.1916931233615665 0.4826078145013489 0.3256990621370845  error 

0.1916931233615748 0.48260781450134166 0.3256990621370834  error 

0.19169312336157265 0.48260781450134504 0.32569906213708233  error 

0.1916931233615756 0.4826078145013431 0.32569906213708133  error 

0.26239457311162423 0.41664356001038133 0.32096186687799455  error 

0.18923341334979474 0.4174129147465643 0.393353671903641  error 

0.19404132563024726 0.43502335236172224 0.37093532200803053  error 1

0.1916931233615744 0.4826078145013488 0.32569906213707683  error 1

0.20236796040786964 0.4168495946680301 0.38078244492410024  error 1

0.21794735965529888 0.4201114555433735 0.36194118480132775  error 1

0.21452697040953356 0.42572067004902375 0.35975235954144263  error 1

0.19169312336157482 0.4826078145013403 0.32569906213708477  error 

0.19169312336157432 0.4826078145013435 0.3256990621370823  error 1

0.1567099508537163 0.3225523936953636 0.5207376554509201  error 

0.19169312336156302 0.4826078145013612 0.3256990621370757  error 

0.19063088213679505 0.4823881005250207 0.32698101733818435  error 

0.1916931233615737 0.4826078145013456 0.3256990621370806  error 1

0.19169312336157351 0.48260781450135254 0.32569906213707395  error 

0.12792796981292662 0.304754821559348 0.5673172086277255  right 

0.19602003328172357 0.3527187032209308 0.45126126349734563  error 1

0.1916931233615738 0.4826078145013389 0.32569906213708744  error 

0.19169312335656585 0.48260781453392926 0.32569906210950494  error 1

0.21253324433179024 0.42629330901972295 0.36117344664848666  error 1

0.20540080131955524 0.3319488677377973 0.4626503309426474  error 

0.19679820285410526 0.40958061190960054 0.3936211852362943  error 1

0.19169312336157304 0.48260781450134 0.325699062137087  error 1

0.19169312336157524 0.4826078145013427 0.3256990621370821  error 1

0.21902584370429962 0.3255219147993567 0.4554522414963437  error 

0.1428089319829797 0.43161744402792473 0.42557362398909554  error 1

0.3834289083536885 0.11058153577424104 0.5059895558720704  error 

0.13063356193638467 0.5222232825453822 0.347143155518233  right 

0.1916931233615726 0.4826078145013419 0.32569906213708544  error 

0.19169312336157585 0.4826078145013382 0.3256990621370859  error 1

0.23121433161923063 0.4797282694322059 0.2890573989485633  error 1

0.19169312336157424 0.4826078145013405 0.3256990621370852  error 1

0.36915424525293433 0.39813589154232937 0.23270986320473624  error 

0.19169312336157443 0.4826078145013394 0.3256990621370862  error 

0.19169312336157118 0.4826078145013493 0.3256990621370796  error 

0.19169312336153416 0.4826078145014398 0.32569906213702604  error 

0.06026854778344723 0.2071575525107098 0.732573899705843  right 

0.11358796429522827 0.0823580576166565 0.8040539780881153  right 

0.13890792502363788 0.5106583444846184 0.35043373049174376  error 

0.19169312336157285 0.4826078145013406 0.32569906213708655  error 

0.19169312336157499 0.4826078145013454 0.32569906213707966  error 1

0.19169312336157399 0.4826078145013413 0.32569906213708466  error 

0.18735451034246808 0.38578245963524277 0.42686303002228915  error 1

0.06281526697176903 0.17252144491429322 0.7646632881139378  right 

0.08929070662149352 0.3035836214767449 0.6071256719017616  right 

0.1552662880487332 0.37037424791846785 0.4743594640327991  error 1

0.19169312336157499 0.4826078145013454 0.32569906213707966  error 

0.19169312336157196 0.4826078145013696 0.32569906213705846  error 

0.19169312336157487 0.4826078145013427 0.32569906213708255  error 1

0.19169312336157399 0.4826078145013761 0.3256990621370499  error 1

0.11603786580032818 0.37821815595100383 0.505743978248668  error 

0.4181548009084076 0.41194016440888714 0.16990503468270524  error 1

0.1916931233615654 0.48260781450135437 0.3256990621370802  error 1

0.3044847743062376 0.361454467202286 0.3340607584914763  error 

0.1916931233615738 0.48260781450133877 0.3256990621370873  error 

0.1916931233615747 0.48260781450134227 0.32569906213708316  error 

0.19927131137972037 0.36588629047350907 0.43484239814677056  error 

0.13195357489066273 0.3038931877494507 0.5641532373598865  error 

0.2105176472319514 0.39874444402499976 0.3907379087430488  error 

0.191693123361576 0.4826078145013427 0.3256990621370812  error 1

0.16682587587982778 0.3513663659006432 0.481807758219529  error 1

0.10312766966849617 0.40366287788397603 0.4932094524475277  error 1

0.023884744715255344 0.074958669509445 0.9011565857752997  error 

0.20080980421791275 0.4744398644948013 0.324750331287286  error 1

0.19169312336157468 0.4826078145013375 0.32569906213708777  error 1

0.2355728127616145 0.35574981045491694 0.4086773767834686  error 

0.19169312336157468 0.48260781450133744 0.3256990621370879  error 1

0.21156478356174188 0.427436024360649 0.36099919207760917  error 1

0.19169312336156533 0.48260781450135326 0.3256990621370814  error 

0.1916931233615737 0.48260781450134527 0.325699062137081  error 1

0.19169312336157823 0.4826078145013578 0.32569906213706407  error 

0.1916931233615729 0.48260781450134155 0.3256990621370856  error 

0.20724948254988113 0.42715871370383557 0.3655918037462833  error 1

0.1325820551345898 0.6621790936115709 0.20523885125383942  right 

0.03312108371632471 0.17396587941364047 0.7929130368700349  error 

0.19169312336429437 0.4826078145007051 0.32569906213500044  error 

0.19169312336155744 0.48260781450136947 0.32569906213707306  error 

0.19466479812071036 0.3908986282032656 0.414436573676024  error 

0.06401925956472779 0.1165140830749979 0.8194666573602742  error 

0.2810097476468736 0.4868796466510665 0.23211060570205994  error 

0.20849718232360628 0.4269553566965433 0.36454746097985036  error 

0.12586726529063672 0.4022546296587799 0.4718781050505833  error 

0.19169312336157474 0.48260781450133905 0.3256990621370863  error 1

0.04188044820487012 0.18080624073723153 0.7773133110578982  right 

0.21794735965529888 0.4201114555433735 0.36194118480132775  error 1

0.1916931233615731 0.48260781450133894 0.32569906213708777  error 1

0.19169312336156505 0.48260781450135043 0.3256990621370845  error 1

0.14931213235737772 0.3874930635682088 0.46319480407441344  error 

0.19169312336157548 0.48260781450133794 0.3256990621370865  error 1

0.21794735965529888 0.4201114555433735 0.36194118480132775  error 1

0.19169312336157204 0.48260781450134344 0.3256990621370846  error 1

0.19169312336157615 0.48260781450133194 0.3256990621370919  error 1

0.21563006709901605 0.4236521153575279 0.3607178175434561  error 1

0.19169312896852103 0.4826078116770798 0.32569905935439913  error 1

0.1916931233615744 0.4826078145013438 0.3256990621370817  error 1

0.19169312336157054 0.4826078145013588 0.3256990621370706  error 1

0.19169312336157432 0.48260781450133367 0.3256990621370921  error 1

0.19169312336159472 0.48260781450141427 0.325699062136991  error 1

0.19169312336156805 0.4826078145013479 0.325699062137084  error 1

0.19169312336156805 0.4826078145013479 0.325699062137084  error 1

0.2183503901646407 0.4197447415643353 0.361904868271024  error 1

0.42371426256374567 0.30869790784081125 0.26758782959544314  error 

0.19169312336156616 0.4826078145013516 0.3256990621370822  error 1

0.19169312336156577 0.4826078145013528 0.3256990621370813  error 

0.19169312336157318 0.48260781450134344 0.32569906213708344  error 1

0.19169312336157468 0.48260781450134044 0.3256990621370849  error 1

0.1916931233615745 0.48260781450133905 0.3256990621370865  error 1

0.19169312336157437 0.48260781450133927 0.3256990621370864  error 1

0.10921793466293743 0.37167831709010707 0.5191037482469555  error 

0.21794735965529888 0.4201114555433735 0.36194118480132775  error 1

0.19169312336157684 0.4826078145013322 0.3256990621370908  error 1

0.21794735965529888 0.4201114555433735 0.36194118480132775  error 1

0.1916931233615744 0.4826078145013397 0.325699062137086  error 1

0.15675999312654984 0.4581985073657356 0.3850414995077147  error 1

0.19169312336156644 0.48260781450135015 0.3256990621370835  error 

0.19169312336157554 0.48260781450133877 0.3256990621370858  error 

0.191693123361574 0.482607814501345 0.3256990621370811  error 1

0.21794735965529888 0.4201114555433735 0.36194118480132775  error 1

0.1598625439991188 0.11530778233175892 0.7248296736691222  error 

0.21117293296908876 0.4273660804114741 0.3614609866194371  error 1

0.1916931233615613 0.482607814501363 0.32569906213707567  error 1

0.19169312336157407 0.48260781450134427 0.3256990621370817  error 

0.1916931233615737 0.4826078145013394 0.3256990621370868  error 

0.19169312336156621 0.48260781450135126 0.3256990621370825  error 

0.12895902973183376 0.30639504521547245 0.5646459250526937  error 

0.13204335967035008 0.23780410838222762 0.6301525319474223  error 

0.1276092777831307 0.5132665023780785 0.35912421983879095  right 

0.21794735965529888 0.4201114555433735 0.36194118480132775  error 

0.21794735965529888 0.4201114555433735 0.36194118480132775  error 

0.20775579629082835 0.17698523701380098 0.6152589666953706  right 

0.19169312336154806 0.4826078145013856 0.3256990621370664  error 1

0.376356576691053 0.3884354864044709 0.23520793690447606  error 

0.11496205701040937 0.31030662943554904 0.5747313135540415  right 

0.19169767692540254 0.4826052544763037 0.3256970685982937  error 

0.3186904338472717 0.3547600988861589 0.32654946726656936  error 1

0.10557057731023846 0.36163072888685105 0.5327986938029105  right 

0.1507703791156685 0.14984028317088463 0.6993893377134468  right 

0.2122029495237354 0.43115602663932556 0.35664102383693913  error 

0.21536782732499843 0.4258787617455688 0.3587534109294327  error 1

0.17874489398808627 0.47453334821024723 0.3467217578016666  error 1

0.2122029495237354 0.43115602663932556 0.35664102383693913  error 

0.30457077983690417 0.3012248292220518 0.39420439094104404  error 1

0.19169312336156555 0.4826078145013509 0.32569906213708355  error 1

0.19169312336160063 0.48260781450134205 0.32569906213705724  error 1

0.205836998667467 0.42157784042563456 0.37258516090689847  error 

0.1632158858441278 0.15898354342823617 0.677800570727636  error 

0.205836998667467 0.42157784042563456 0.37258516090689847  error 

0.12375587763170733 0.460758905855301 0.4154852165129916  error 

0.08811031659396003 0.3951712851466343 0.5167183982594057  error 

0.19169312336157546 0.4826078145013359 0.32569906213708877  error 1

0.19169312336156827 0.4826078145013487 0.3256990621370832  error 1

0.10921793466293743 0.37167831709010707 0.5191037482469555  error 

0.21794735965529888 0.4201114555433735 0.36194118480132775  error 1

0.13478180686901245 0.36192723201698873 0.5032909611139988  error 

0.11794990031351754 0.3066201966231689 0.5754299030633134  error 

0.19169312336157332 0.48260781450134 0.32569906213708655  error 1

0.19169312336157454 0.4826078145013405 0.32569906213708505  error 

0.19169312336157557 0.48260781450133605 0.32569906213708827  error 

0.19169312336157557 0.48260781450133605 0.32569906213708827  error 

0.19169312336157251 0.48260781450134227 0.3256990621370851  error 

0.19169312336157557 0.48260781450133605 0.32569906213708827  error 

0.38924800515066654 0.28084306368851425 0.32990893116081926  error 

0.2065971662298017 0.41369251104620053 0.37971032272399785  error 

0.21255413345424126 0.32542988151202973 0.46201598503372915  error 

0.15007391004342932 0.39409900881611937 0.45582708114045123  error 1

0.19169312336157557 0.48260781450133605 0.32569906213708827  error 

0.19169312336157557 0.48260781450133605 0.32569906213708827  error 

0.046591806216395706 0.031711908752169476 0.9216962850314347  error 

0.17158476087280303 0.3779866580691219 0.45042858105807515  error 1

0.19169312336157587 0.4826078145013336 0.3256990621370905  error 

0.19169312336157582 0.48260781450134393 0.3256990621370802  error 1

0.15004373644295704 0.32412695491145654 0.5258293086455863  right 

0.1916931233615736 0.4826078145013395 0.32569906213708694  error 

0.023977443863323348 0.2433584258733825 0.7326641302632941  right 

0.13261816836943077 0.12412823838400298 0.7432535932465661  right 

0.19169312336157443 0.4826078145013433 0.3256990621370822  error 

0.06281757799136799 0.029040406015713196 0.9081420159929188  error 

0.19169312336157276 0.4826078145013435 0.32569906213708355  error 

0.1916931233615817 0.48260781450132584 0.3256990621370926  error 1

0.017678621920706336 0.3026528734176497 0.679668504661644  error 

0.12143869410879153 0.30972419490770525 0.5688371109835032  right 

0.19169312336156608 0.48260781450134943 0.3256990621370846  error 

0.19169312336158018 0.48260781450133133 0.32569906213708855  error 

0.14581229024120096 0.1364144723201936 0.7177732374386054  error 

0.10869747072211257 0.17377388907123742 0.71752864020665  error 

accuracy = 50.5%