predict ...
0.3242994288263527 0.499958052463034 0.1757425187106133  error

0.24369766917498686 0.20823796178366974 0.5480643690413435  error 

0.2237278529451333 0.49829728368908055 0.27797486336578614  error 

0.2284638917307041 0.6169342339375935 0.15460187433170233  error 

0.3128006777068395 0.4651294292612337 0.22206989303192676  right 

0.28491126822373986 0.4568835593305081 0.2582051724457521  error 

0.3050644746379894 0.5136656254602239 0.18126989990178682  error 

0.30011054972068113 0.43132992174906765 0.2685595285302512  error 

0.020603989681444883 0.7943014840302584 0.18509452628829667  right 

0.3524710718406076 0.47728325171142244 0.1702456764479699  right 

0.16104818289745648 0.43536637859482347 0.40358543850772  error 

0.29942654902200644 0.5590833810736824 0.14149006990431118  error 

0.05617442517910994 0.7535993552174789 0.1902262196034111  right 

0.14367443241147984 0.7870688548688509 0.06925671271966938  right 

0.32439432747013175 0.48763705758097853 0.18796861494888983  right 

0.4743085281622024 0.45877209634234245 0.06691937549545504  right 

0.33381189936405997 0.5354268813674785 0.13076121926846146  right 

0.10349057333341302 0.6460364489694912 0.2504729776970959  right 

0.2529703725331439 0.5691757372252975 0.17785389024155862  error 

0.2656820543298751 0.5523348685440101 0.18198307712611486  right 

0.1089132304907877 0.7079784112950609 0.18310835821415147  right 

0.33527292993455526 0.4596844547793409 0.2050426152861038  error 

0.1617274033394086 0.49959477252075896 0.3386778241398325  error 

0.0763718402359073 0.5130358479616652 0.4105923118024275  error 

0.08028019047666315 0.22118251669382694 0.6985372928295098  right 

5.855515564337655E-4 0.8785317889344627 0.12088265950910335  right 

0.29134028250502886 0.47788544848426534 0.2307742690107059  right 

6.797655642087157E-4 0.7141025197311175 0.2852177147046738  right 

0.24136148648107572 0.47812989585132565 0.28050861766759855  error 

0.2535698804818141 0.6095194043673702 0.13691071515081574  right 

0.3058334769185316 0.35855601050180064 0.33561051257966773  right 

0.04535317710902863 0.18645857353416176 0.7681882493568095  error 

0.24191788811083817 0.4511030059266428 0.306979105962519  right 

0.08691641447997438 0.806563069410005 0.1065205161100207  right 

0.07753312794431344 0.2776835185955635 0.6447833534601229  error 

0.010890813369518318 0.5379042589237347 0.4512049277067469  error 

0.2673194210661741 0.22794899707984717 0.5047315818539787  error 

0.1768793729965944 0.6064778250483543 0.21664280195505134  error 

0.06986964069365256 0.44436370641258854 0.4857666528937589  error 

0.10309109142996709 0.24724260995956493 0.649666298610468  error 

0.2600708840661583 0.46638789566738176 0.2735412202664598  error 

0.3189927699454213 0.4246437477987231 0.25636348225585553  error 

0.08004354916529909 0.900745361589225 0.019211089245475835  error 

0.18973804583833356 0.3308835000394232 0.4793784541222432  right 

0.3687657959690615 0.24870031535033502 0.3825338886806034  right 

0.22192471910109948 0.5248926546085542 0.2531826262903464  error 

0.11799224651687724 0.5272954589638493 0.3547122945192735  error 

0.31226077793586754 0.5949301230657391 0.09280909899839343  error 

0.03728939151957605 0.0751885812437981 0.887522027236626  right 

0.04620691344933115 0.2183939786737709 0.735399107876898  right 

0.04405393986381141 0.019352854099347675 0.936593206036841  right 

0.06405065624078407 0.4490812383744324 0.4868681053847836  right 

0.061015003505200775 0.3716184086622522 0.567366587832547  right 

0.31226077793586754 0.5949301230657391 0.09280909899839343  error 

0.4054077027277432 0.37501936880560593 0.219572928466651  error 

0.2364999407504466 0.6605307450189186 0.10296931423063477  error 

0.2511586832909436 0.669865891763554 0.07897542494550244  right 

0.010602162488589492 0.6671791128525767 0.32221872465883367  error 

0.07829798756142417 0.19406464577946328 0.7276373666591126  error 

0.3112025448214231 0.4132430818999511 0.27555437327862575  right 

0.23707031444286386 0.4697773783993644 0.2931523071577716  error 

0.19676753848915157 0.5501641541913551 0.2530683073194935  error 

0.3417107754323069 0.43666055984721425 0.2216286647204788  error 

0.23585307060713717 0.36978349595720783 0.39436343343565494  error 

0.22341930445811967 0.27422652537899417 0.5023541701628862  error 

0.37817919516137194 0.5061006939093706 0.11572011092925755  right 

0.1723781474195261 0.39485688784792267 0.4327649647325514  right 

0.06253783899102121 0.23649499119695266 0.7009671698120261  right 

0.3283089093456291 0.40024108394995156 0.27145000670441927  right 

0.012894250234667143 0.9283926299460583 0.058713119819274455  right 

0.38176626219002807 0.4311216365417573 0.18711210126821462  right 

0.016870733849880252 0.14527857477312034 0.8378506913769995  error 

0.19517021178683724 0.37354378196731025 0.4312860062458524  error 

0.2516159797238689 0.5232225274083524 0.22516149286777884  right 

0.30472673023615954 0.41749504071777094 0.2777782290460695  error 

0.1642755855037479 0.29891875934784684 0.5368056551484053  error 

0.29737601537424485 0.4196238697384376 0.2830001148873176  error 

0.05979788433424918 0.17104148462797805 0.7691606310377728  right 

0.29926812317332424 0.5285363049969679 0.1721955718297078  right 

0.1656370810354424 0.6398694136691115 0.19449350529544618  error 

0.22643373485002216 0.6919351890454721 0.08163107610450575  error 

0.24141586185775496 0.40754595678198424 0.35103818136026077  error 

0.18513151551911639 0.05951429757593639 0.7553541869049473  error 

0.1913147032489285 0.3259639881751049 0.4827213085759665  error 

0.1470036350950026 0.2031067774693764 0.649889587435621  error 

0.31583089155567196 0.5239106658630804 0.16025844258124763  right 

0.27976513306508416 0.4773419100638772 0.24289295687103868  right 

0.32302210445879515 0.4524415483521573 0.2245363471890475  right 

0.29287614417249075 0.5735506779664036 0.13357317786110567  right 

0.023824541377378744 0.01890687719992334 0.957268581422698  right 

0.29296420401259327 0.5448186507186573 0.16221714526874934  right 

0.20450809460974648 0.5450057070244 0.2504861983658535  right 

0.3197815860552539 0.4868213645059917 0.19339704943875424  right 

0.51684734000099 0.4415489443934549 0.0416037156055552  error 

0.05786231886457093 0.30037758988397195 0.6417600912514572  error 

0.0027962099087041467 0.6834273135741809 0.3137764765171149  right 

0.3912016163373369 0.5610519821388849 0.0477464015237782  right 

0.046690075090668706 0.8309909921119721 0.12231893279735913  right 

0.05816922747939182 0.3048477063234816 0.6369830661971265  error 

0.27154334335156816 0.24374786561718914 0.4847087910312427  error 

0.14040892606644434 0.6033799900610766 0.25621108387247915  right 

0.3292351592971426 0.5326594449877275 0.13810539571512986  error 

0.07748108024133454 0.6714504533859316 0.25106846637273394  right 

0.02722117794871388 0.8307122212966892 0.14206660075459693  right 

0.07005273142329657 0.8600090310055267 0.06993823757117677  right 

0.00939632254394779 0.952578892173814 0.038024785282238405  right 

7.53130233438307E-4 0.9286892609136421 0.07055760885291945  right 

0.27817416033370146 0.20987851350368011 0.5119473261626184  error 

0.4836831477730655 0.43126044331719404 0.08505640890974034  error 

0.049302229566484564 0.8759364290234933 0.07476134141002207  right 

0.247298648248994 0.3722120839626749 0.38048926778833103  right 

0.31771697225154644 0.44726748161682867 0.23501554613162498  right 

0.20275773113455678 0.625219075864511 0.17202319300093236  right 

0.05653158141727437 0.8127379093952246 0.13073050918750095  right 

0.28425473867857937 0.459258640993355 0.2564866203280657  right 

0.10496589315910042 0.4128033467078399 0.48223076013305965  error 

0.25670863421504736 0.2539793125051932 0.4893120532797596  error 

0.10425965155228212 0.8706101235467746 0.025130224900943205  error 

0.2992445339164429 0.42620169928018853 0.2745537668033686  error 

0.1617806690207037 0.7719877867632033 0.06623154421609302  right 

0.21283684038686398 0.37616150575811247 0.4110016538550236  error 

0.20779970295797529 0.6963990964202692 0.09580120062175539  error 

0.08692261629694287 0.17941503819121843 0.7336623455118387  right 

0.041218577390305565 0.42183151217574527 0.5369499104339491  right 

0.05256764338068282 0.42897182391385397 0.5184605327054632  right 

0.12812318749567658 0.27077325049069845 0.601103562013625  error 

0.004720247616179976 0.6638151969623826 0.3314645554214375  error 

0.2669280594593023 0.363398276588976 0.3696736639517217  right 

0.07809281755688043 0.8613936972137058 0.0605134852294136  right 

0.14093759171202533 0.2638544570262905 0.5952079512616841  right 

0.29797282013467496 0.4687131597592985 0.23331402010602653  right 

0.2925435299954543 0.6422331735504083 0.06522329645413737  right 

0.3277888583006711 0.4627271326909564 0.20948400900837247  error 

0.35467342964989224 0.26195325721236223 0.3833733131377455  error 

0.3277888583006711 0.4627271326909564 0.20948400900837247  error 

5.546108511798692E-4 0.7893211755452382 0.2101242136035819  error 

0.016388171367802136 0.1845757751580624 0.7990360534741354  error 

0.42255778941549876 0.5117350800438643 0.06570713054063698  right 

0.038523606256239754 0.8727534476255135 0.08872294611824678  right 

7.53130233438307E-4 0.9286892609136421 0.07055760885291945  right 

0.03870415730483041 0.3463780570949452 0.6149177856002244  error 

0.33919722353530896 0.16852220006234056 0.49228057640235057  right 

0.14538443841501636 0.734541527869046 0.12007403371593763  right 

0.33171024597713794 0.45926338991023213 0.20902636411262981  right 

0.11678210139605777 0.39043359635788827 0.49278430224605396  error 

0.027412537672668512 0.07632304957357572 0.8962644127537558  right 

0.0807589398165976 0.21326466083313844 0.705976399350264  error 

0.29483380833527045 0.4574866312651406 0.247679560399589  error 

0.23623299044671783 0.22644229407929198 0.5373247154739902  error 

0.08855668148875183 0.31029048607734294 0.6011528324339053  right 

0.027412537672668512 0.07632304957357572 0.8962644127537558  right 

0.027412537672668512 0.07632304957357572 0.8962644127537558  right 

0.0776272910965531 0.1958377359111063 0.7265349729923406  error 

0.2925247554221167 0.499067824814703 0.20840741976318047  error 

0.056029398043159075 0.07872543210297767 0.8652451698538633  error 

0.2800904830053108 0.5983323908529905 0.12157712614169872  right 

0.0744988581894758 0.3524509393804993 0.5730502024300248  right 

0.23843788995458204 0.597024998336749 0.16453711170866886  right 

0.020573248641577346 0.4814747665628404 0.49795198479558234  right 

0.030592076475845227 0.13002830507992783 0.8393796184442269  right 

0.17871813850869017 0.3276461702150753 0.4936356912762346  error 

0.00717388315280914 0.7392979645427614 0.2535281523044296  error 

0.012176114476682941 0.3723456898207792 0.6154781957025379  right 

0.1401250326085515 0.21240854637508333 0.6474664210163653  error 

0.001527619418757887 0.9066921262193599 0.09178025436188239  right 

0.012616331125690695 0.5176297257651511 0.4697539431091582  error 

0.25785337312153367 0.20969522669309698 0.5324514001853693  error 

0.29597054155223795 0.21999356454576763 0.48403589390199436  error 

0.35257367702358766 0.2574639210116862 0.3899624019647261  error 

0.35257367702358766 0.2574639210116862 0.3899624019647261  error 

0.02773261593592819 0.6674007064720195 0.3048666775920522  error 

0.3282092634546928 0.5511379167198843 0.12065281982542281  error 

0.37194810204628287 0.4569868473115383 0.1710650506421787  error 

0.001969131450599151 0.4525723173206261 0.5454585512287747  right 

0.04957335438777828 0.07617570718138675 0.874250938430835  right 

0.25401668891622575 0.3027523387719604 0.4432309723118138  right 

0.33083685893752 0.4828505450849373 0.18631259597754274  right 

0.2725368491313704 0.2909548774898023 0.43650827337882736  right 

0.0025247548159193383 0.2855058581429577 0.7119693870411229  right 

0.03452648639318063 0.30986269138924577 0.6556108222175736  right 

0.0024055487973407555 0.9860762073445646 0.011518243858094615  right 

0.14890520382559766 0.2955396671862525 0.5555551289881497  right 

0.09007063268438992 0.6257536932784299 0.2841756740371802  right 

0.25574567470210513 0.4099229077910175 0.3343314175068774  error 

0.2145859957239837 0.42819220375967343 0.35722180051634284  error 

0.27848749814503737 0.4506084117149871 0.2709040901399756  error 

0.1038330677518543 0.5354488600857829 0.3607180721623628  right 

7.53130233438307E-4 0.9286892609136421 0.07055760885291945  right 

0.3079913790536662 0.38758962080313425 0.30441900014319945  error 

0.11989746842857528 0.4450060738184808 0.43509645775294403  right 

0.1196573607116516 0.30242805643360443 0.577914582854744  error 

0.029203439350056364 0.2311762713102578 0.7396202893396857  error 

0.16757607003225883 0.18627885986226392 0.6461450701054772  right 

0.0064273139893282856 0.9414194618137078 0.052153224196963784  error 

0.28974817420059223 0.2132868200974392 0.4969650057019685  error 

0.04676833300362049 0.47827707755997534 0.47495458943640406  right 

0.05344702002565157 0.6892327548963427 0.2573202250780058  right 

0.006685858494869179 0.7047936743727966 0.2885204671323343  right 

0.08269827224625866 0.3155141094051451 0.6017876183485962  right 

0.30298039004572264 0.4879910977139723 0.20902851224030508  right 
accuracy=52.5%