predict ...
0.12261035132678592 0.6353425441471667 0.2420471045260473  error 

0.21290151269251328 0.5536184884122115 0.2334799988952752  error 

0.21454352592821826 0.3443615102135471 0.4410949638582346  error 

0.2401544030345876 0.4679582017493182 0.2918873952160942  error 

0.17572059683155472 0.4912212794039896 0.33305812376445587  error 

0.1788292451850424 0.38315261461400674 0.4380181402009509  right 

0.07754664263067054 0.6618343020689367 0.26061905530039275  right 

0.2864665625557153 0.3213630092974114 0.39217042814687336  error 

0.023081663761665427 0.30517350393548515 0.6717448323028493  right 

0.22444583084540876 0.39506212179003153 0.38049204736455977  error 

0.028300101091961436 0.8128584988941315 0.15884140001390706  right 

0.203758833627472 0.6809546755698719 0.11528649080265597  right 

0.2776089191618772 0.4861490128574366 0.23624206798068628  right 

0.11774909992924441 0.6453294139090121 0.23692148616174347  error 

0.15283048074873176 0.4541775970031749 0.3929919222480934  right 

0.0681889319913525 0.20214763949794898 0.7296634285106985  error 

0.16674884090816677 0.529481986356699 0.30376917273513426  error 

0.2124662551225522 0.4416197130233135 0.34591403185413433  right 

0.09770445193536609 0.7020267994832698 0.20026874858136398  right 

0.14667279171322206 0.589595296447432 0.2637319118393458  error 

3.8122201176280185E-4 0.9751530638815515 0.02446571410668552  error 

0.015904990467833426 0.5542222357040003 0.42987277382816624  error 

0.10316989106264562 0.5731861647102647 0.3236439442270897  error 

0.11187753393350039 0.6633083616424559 0.22481410442404373  right 

0.24427102152792807 0.5086397082018432 0.24708927027022876  right 

0.0012556026477883184 0.9793971744710541 0.019347222881157564  right 

0.28655791672176273 0.48468044313936204 0.22876164013887526  error 

0.10399181042377784 0.611178176450268 0.28483001312595424  right 

0.28896059919836126 0.2699155744774335 0.4411238263242053  error 

0.013203579024092178 0.7808957217300223 0.20590069924588564  right 

0.12437954345924662 0.554839599791835 0.3207808567489184  right 

0.09485786010784718 0.4710133271125735 0.4341288127795795  right 

2.5490861618417786E-5 0.997137663034522 0.002836846103859585  right 

0.07713100476666171 0.6546207633463967 0.2682482318869416  error 

0.19627149424816376 0.3699140091049332 0.43381449664690314  error 

8.683800110310387E-4 0.8218537461594171 0.17727787382955187  error 

0.09511765603082385 0.6966152641100544 0.20826707985912185  right 

0.07312035486566323 0.12395216879207263 0.8029274763422641  error 

0.10724944012006508 0.6553067019874499 0.237443857892485  error 

0.18267103620686884 0.41176104798726865 0.40556791580586243  error 

0.1837022796075457 0.623063080216755 0.19323464017569922  error 

0.005146673009079795 0.28981457400371474 0.7050387529872054  right 

0.5617020162712227 0.13625500964574574 0.3020429740830315  error 

0.00551235665306052 0.920599521825333 0.0738881215216064  error 

0.1127285066193292 0.5531658693317484 0.3341056240489224  error 

0.16518495250418216 0.66738324098123 0.1674318065145878  error 

0.12137797606474078 0.5320461214791172 0.3465759024561421  error 

0.029821264314394618 0.5726999094919486 0.3974788261936567  error 

0.029367152610468548 0.07292133153444745 0.8977115158550839  right 

0.02311473118720693 0.23526421906518077 0.7416210497476123  right 

1.6449058826092775E-5 0.9950404747673398 0.004943076173834127  error 

0.16518495250418216 0.66738324098123 0.1674318065145878  error 

0.11811876539760215 0.5626691728674771 0.3192120617349207  error 

0.1709877447813546 0.5605333283515966 0.2684789268670488  error 

0.20271711500744513 0.6344228853488358 0.1628599996437191  right 

0.018945215921061003 0.6355528362208602 0.3455019478580789  error 

0.08908921089514392 0.23081846619075083 0.6800923229141053  error 

0.16254629541981844 0.5409703062925666 0.29648339828761505  right 

0.13311708776503245 0.5722142308189423 0.2946686814160253  error 

0.08421958408165282 0.6534163604921844 0.26236405542616276  error 

0.20190246503314313 0.4619230988835562 0.33617443608330055  error 

0.12912744023270592 0.4297648622105317 0.4411076975567624  error 

0.1145153721479018 0.36840026530695497 0.5170843625451432  error 

0.22945468144458678 0.5531570289855844 0.21738828956982884  right 

0.18117355540878263 0.3783097853127043 0.44051665927851313  right 

0.013256740326444237 0.3626209048936116 0.6241223547799443  right 

5.1964950953853436E-5 0.9994994456089192 4.485894401270412E-4  right 

3.060873329265003E-4 0.9570213468325847 0.042672565834488745  right 

0.08722221409805533 0.6824151006011105 0.23036268530083426  right 

0.042071243379000985 0.18236755398182433 0.7755612026391748  error 

0.13012663098224014 0.6507029195699059 0.21917044944785402  right 

0.23020912554264408 0.548059085385742 0.221731789071614  right 

0.17511134379095236 0.49526059589050997 0.3296280603185376  error 

0.08007573351479559 0.7116859228697543 0.20823834361545013  right 

0.30983106608338784 0.2721822795673715 0.4179866543492406  error 

0.09434655882589588 0.61009508756431 0.2955583536097942  error 

0.2402477747219905 0.38812843914779505 0.3716237861302145  right 

2.1736775369941806E-5 0.9997529063989853 2.253568256446805E-4  error 

0.0016781833953515757 0.9812925732648522 0.01702924333979631  error 

0.7120551221012928 0.1477262305330416 0.14021864736566558  right 

0.1642817038646019 0.5458208012433702 0.28989749489202793  right 

9.047413077716299E-7 0.9997423438426437 2.567514160485692E-4  error 

0.003203740306597461 0.2458608673964888 0.7509353922969139  error 

8.574585382869273E-4 0.8640692595159053 0.13507328194580775  right 

0.16611385804993475 0.6369205204111427 0.19696562153892258  right 

0.17941901077227207 0.615259068677901 0.20532192054982687  right 

0.09698961742522733 0.6351442142472654 0.2678661683275073  right 

0.03930114338694229 0.05771417224511051 0.9029846843679472  right 

0.18095560767022337 0.5356552929951767 0.28338909933460005  right 

0.1913801361219243 0.4920030930188478 0.316616770859228  right 

0.17134177265055509 0.39226948236304027 0.4363887449864046  error 

0.09589096751513174 0.6156139962392372 0.288495036245631  right 

0.15325895347212679 0.5089327387916757 0.3378083077361975  right 

0.07085924941691848 0.7867707604751345 0.142369990107947  right 

0.21170040124471926 0.6329079908901586 0.15539160786512224  right 

0.09423932534923864 0.7132620590935755 0.19249861555718578  right 

0.10510984100889087 0.5820291740718717 0.3128609849192374  right 

0.2787264834633943 0.28151475978449675 0.43975875675210896  error 

0.14518729175360773 0.5580644571144808 0.29674825113191133  right 

0.19488424850513594 0.512496727597354 0.29261902389751  error 

0.073864497271127 0.6254845968315191 0.30065090589735377  right 

0.15066261194539032 0.6314456605557642 0.21789172749884547  right 

0.10709785224155838 0.6886011572188585 0.20430099053958312  right 

0.08217812856453938 0.6976109168139412 0.22021095462151938  right 

8.137189588533468E-4 0.893369416619396 0.10581686442175058  right 

0.2332966417204263 0.3824150202225184 0.3842883380570552  error 

0.1264762627404622 0.6942178380574059 0.17930589920213197  right 

0.19908965778795257 0.5332984739293171 0.2676118682827305  right 

0.17622140512546938 0.49472454288893514 0.3290540519855956  error 

0.25382167901519576 0.29544428248459476 0.4507340385002095  error 

0.24234725353416586 0.5553840590309684 0.2022686874348656  right 

0.07928286604013268 0.7958206997633908 0.12489643419647647  right 

0.22322015840630982 0.5650870283699121 0.21169281322377817  right 

0.18687505859706938 0.5140630373013123 0.2990619041016183  right 

0.10592899070313634 0.6673650913717325 0.2267059179251311  error 

0.08291462844728215 0.6586215222867627 0.258463849265955  error 

0.17591432693203127 0.4907939787980305 0.3332916942699383  error 

5.652780543294768E-4 0.6699648740629885 0.3294698478826821  right 

0.2787275276111701 0.17637270191542928 0.5448997704734008  error 

0.18663838392791998 0.5317435739397581 0.2816180421323219  error 

0.08764182498921841 0.15047255000062973 0.7618856250101518  right 

0.025852423629524657 0.45058927375847674 0.5235583026119986  right 

0.06777112665003025 0.7912912961513859 0.14093757719858374  error 

0.029322725666881145 0.1333002448297636 0.8373770295033554  error 

0.03120047309327258 0.4416738591950449 0.5271256677116825  right 

0.0034318139961376955 0.8389615795500517 0.15760660645381064  error 

0.19787861068606064 0.49865236653847633 0.3034690227754631  right 

0.0519113762703769 0.07064308775536247 0.8774455359742607  right 

0.1769122430169913 0.49874457046762993 0.3243431865153787  right 

0.8057751743431318 0.1143646270576657 0.07986019859920243  error 

0.2386369348026321 0.29984429881200997 0.46151876638535805  error 

0.00382111065177063 0.8379704388779097 0.15820845047031962  right 

0.2386369348026321 0.29984429881200997 0.46151876638535805  error 

9.443949693933478E-5 0.8701418624530655 0.12976369804999516  error 

4.5751946428731185E-5 0.985640949134967 0.01431329891860441  right 

0.11978445739803288 0.6476354848863617 0.23258005771560541  right 

0.18776700773357466 0.512516014067171 0.29971697819925425  right 

8.137189588533468E-4 0.893369416619396 0.10581686442175058  right 

0.005879953275047352 0.21636335543021465 0.7777566912947379  error 

0.054414381214041845 0.13954321552722945 0.8060424032587288  right 

0.07799465162859377 0.625839063167331 0.2961662852040753  right 

0.12008950792446982 0.5999007736431703 0.2800097184323599  right 

0.2198054713450326 0.36660528212563565 0.41358924652933166  right 

0.2198054713450326 0.36660528212563565 0.41358924652933166  right 

0.1460828002347244 0.5858256213938481 0.2680915783714275  right 

0.2198054713450326 0.36660528212563565 0.41358924652933166  right 

0.42731140213285274 0.0018532488672326698 0.5708353489999145  error 

0.23556815562722816 0.5224180516022139 0.242013792770558  error 

0.3644614673714864 0.14946515989705694 0.48607337273145684  error 

0.013683369156022243 0.1588901930002532 0.8274264378437245  right 

0.2198054713450326 0.36660528212563565 0.41358924652933166  right 

0.2198054713450326 0.36660528212563565 0.41358924652933166  right 

0.2039856158916141 0.4768746290502057 0.31913975505818026  right 

0.048745156247239615 0.22080177879493224 0.7304530649578281  right 

0.28554062998172564 0.2563907295050174 0.45806864051325696  error 

0.23540282483544825 0.5021914159456297 0.26240575921892206  right 

0.015560127182386516 0.3293920142604505 0.655047858557163  right 

0.06770321410440147 0.6823331965931135 0.2499635893024851  right 

9.526919299968809E-4 0.7117786909228941 0.28726861714710905  error 

0.017661839134129113 0.12772634713012496 0.8546118137357459  right 

0.0876524685760684 0.679062909666989 0.23328462175694256  error 

0.22055599288410704 0.34658309918875824 0.4328609079271347  error 

0.07885456456096661 0.6787243702084075 0.2424210652306259  error 

0.3004509163051018 0.2616948518142289 0.43785423188066924  error 

0.0545686920792241 0.09754273746954405 0.8478885704512319  error 

0.013161333730108526 0.20137641249338342 0.785462253776508  right 

0.4382634665788983 0.24094184366744034 0.32079468975366143  error 

0.15576700616773592 0.38826600536642647 0.4559669884658375  error 

0.10031503473150945 0.5695633448111237 0.33012162045736687  right 

0.10031503473150945 0.5695633448111237 0.33012162045736687  right 

0.22081264940768647 0.30424931036391073 0.47493804022840286  right 

0.11784459312525676 0.6707644419594474 0.21139096491529585  error 

0.05267183600976493 0.3071589931299897 0.6401691708602454  right 

0.07448757793552664 0.6151832150266198 0.31032920703785355  error 

0.03996461136902529 0.2275798590179663 0.7324555296130083  right 

0.07093296196108757 0.3541561592790134 0.5749108787598991  right 

0.2453004809905118 0.5720352011714005 0.18266431783808768  right 

0.08330483170057193 0.3897603410410218 0.5269348272584062  right 

0.0015961843373941947 0.549262917241573 0.44914089842103283  error 

0.08550730024885446 0.621817656192975 0.2926750435581705  error 

0.08395893224887835 0.6106270672693609 0.3054140004817608  right 

0.08729594809476796 0.4406956238366577 0.4720084280685743  right 

0.05539015947121612 0.7954854924012081 0.14912434812757575  right 

0.09728593657823881 0.639606646868613 0.26310741655314807  error 

0.29780639993954666 0.2295052658962804 0.47268833416417294  right 

0.18459539837748642 0.4815423466628979 0.3338622549596156  error 

0.15677095568479826 0.4238600568277813 0.41936898748742046  right 

8.137189588533468E-4 0.893369416619396 0.10581686442175058  right 

0.25398524551791973 0.5017377026173613 0.24427705186471896  error 

0.11685685200040322 0.6613391740589732 0.22180397394062354  right 

0.7267978049246392 0.1474704077619751 0.12573178731338572  error 

4.230513806167312E-6 0.998447282058084 0.001548487428110037  error 

0.14207572680060446 0.43469423596461243 0.42323003723478314  error 

0.07466782166664804 0.7409715241550654 0.18436065417828648  error 

0.23001835156644843 0.39108757615736617 0.3788940722761853  right 

0.16214373570801635 0.4931912085184104 0.34466505577357315  right 

0.1330739696376206 0.7097931047832868 0.15713292557909253  right 

0.022068482438387278 0.16622389222718822 0.8117076253344245  error 

0.08270631945348501 0.605900165134966 0.311393515411549  error 

0.22964892539612383 0.5134662749193417 0.25688479968453454  right 
accuracy=54.0%
