0.14961322869357777 0.3023524639955598 0.5480343073108624  error 
0.15017305547615561 0.3003724096730371 0.5494545348508073  error 
0.22159885965208645 0.3060226187229606 0.47237852162495286  error 
0.12641468686880453 0.6488225953500985 0.22476271778109716  right 
0.18982718781904379 0.4017249366255936 0.40844787555536255  error 1
0.10622626781619056 0.5256795318286548 0.3680942003551546  error 
0.24040259043509493 0.2773776660362479 0.4822197435286572  error 1
0.19919000624341884 0.44759197429541414 0.353218019461167  error 
0.1888345972617739 0.4857049587146931 0.325460444023533  error 
0.19998006167531465 0.4443115472667517 0.35570839105793367  error 
0.13883620224151566 0.5254319485357822 0.3357318492227021  error 
0.14589303074190751 0.342391568363077 0.5117154008950154  right 
0.1009116923919215 0.544487650293238 0.3546006573148406  right 
0.27075538993514636 0.4316681372523094 0.29757647281254423  error 
0.24191704651319693 0.370434213952803 0.38764873953400003  error 
0.15582751376625248 0.5550504080145902 0.28912207821915736  error 
0.20099576111683704 0.4934422412462077 0.30556199763695524  error 1
0.19633711859217826 0.27484384050259497 0.5288190409052268  error 
0.16379103256614963 0.5304666964793837 0.3057422709544666  right 
0.209409669675015 0.4330756636176499 0.357514666707335  error 1
0.19277428112148381 0.6073569903488852 0.19986872852963097  right 
0.22127100938603544 0.521970967083255 0.2567580235307095  error 
0.09431689069551377 0.5983250812484654 0.3073580280560207  right 
0.2037968286096071 0.4470612115185512 0.3491419598718416  error 1
0.1952729294080084 0.46878680127278594 0.33594026931920573  error 
0.1619337182243514 0.5360294450281976 0.302036836747451  error 
0.10337973453369449 0.6152114141266769 0.2814088513396286  error 
0.15226549738872203 0.5194005136649392 0.32833398894633875  error 
0.12645419636133823 0.5181875231866838 0.3553582804519779  right 
0.22609696718924246 0.3734212902336519 0.4004817425771057  error 
0.19779556196683845 0.4361311674097509 0.3660732706234107  error 1
0.24410489471788405 0.43993637345629033 0.3159587318258255  error 
0.1970316851303143 0.4722841111282144 0.3306842037414712  error 1
0.10755333431321021 0.5351377862287303 0.3573088794580594  right 
0.1289818775151316 0.4905993030613429 0.3804188194235254  error 1
0.15396716193735677 0.2843065210567088 0.5617263170059345  right 
0.15617789762464845 0.280496315428204 0.5633257869471475  right 
0.12737179011404082 0.5190238904172315 0.35360431946872767  error 
0.1767085718109229 0.7070609361463753 0.11623049204270176  right 
0.24573117937266936 0.28216570696953186 0.4721031136577989  error 1
0.289523608131618 0.417805324112308 0.2926710677560741  error 1
0.15600640527445406 0.585819605426098 0.2581739892994479  error 
0.1517358852721287 0.5168729481422473 0.33139116658562395  error 
0.2164007753555081 0.49463156502004224 0.2889676596244496  error 
0.12456100494834309 0.6573635420256208 0.2180754530260362  right 
0.195116474403475 0.6348091669895218 0.17007435860700332  error 
0.20099576111683704 0.4934422412462077 0.30556199763695524  error 1
0.15886939362017805 0.7391865045657368 0.1019441018140853  error 
0.14809747801512055 0.32684716198465474 0.5250553600002247  right 
0.20134041252859292 0.4897989165476659 0.3088606709237412  error 1
0.18527061931306216 0.5912257385545536 0.22350364213238427  right 
0.18918922371246655 0.4728550717467689 0.3379557045407645  error 1
0.1931535269474541 0.44667849992939634 0.3601679731231496  error 1
0.18978360808168482 0.453290843934577 0.3569255479837381  error 1
0.16185946649597333 0.699514437839098 0.13862609566492867  right 
0.1133849870723696 0.6957386913343431 0.19087632159328735  right 
0.27486942461025254 0.4415562076698011 0.2835743677199463  error 1
0.19502797784097717 0.4687000741486419 0.33627194801038096  error 
0.12811780278373297 0.6429751488072196 0.22890704840904727  right 
0.18797067596439898 0.38794544525533997 0.424083878780261  error 
0.1685161808277006 0.6700370882998612 0.1614467308724382  right 
0.2877800274936335 0.42217053234669416 0.29004944015967227  error 1
0.10003875427291878 0.5545914725976653 0.3453697731294159  right 
0.1738223358151287 0.3456628991398851 0.4805147650449862  error 
0.16606735263167552 0.6134965729777092 0.22043607439061527  right 
0.20525525802965328 0.47830141458671127 0.31644332738363556  error 1
0.20525525802965328 0.47830141458671127 0.31644332738363556  error 1
0.2799449548657976 0.4183432107884658 0.30171183434573656  error 
0.1616636551438664 0.537055244242903 0.30128110061323066  error 
0.15032284180526934 0.516883253466389 0.3327939047283417  error 
0.20203065835664427 0.49344636951068044 0.3045229721326752  error 
0.10188169517926374 0.5398385634404693 0.3582797413802668  error 
0.17051863338736858 0.2731266745045283 0.5563546921081032  right 
0.19277428112148381 0.6073569903488852 0.19986872852963097  right 
0.1017409206514285 0.5336068748970734 0.3646522044514981  error 
0.19277428112148381 0.6073569903488852 0.19986872852963097  right 
0.20504080370157657 0.45540880604803824 0.33955039025038525  error 1
0.12821153375565802 0.6388276146555378 0.2329608515888042  right 
0.12300815791361122 0.5298006725746226 0.34719116951176626  error 
0.12478480169767646 0.6192945149993873 0.2559206833029364  right 
0.11880475071979267 0.5386802438210918 0.34251500545911556  error 
0.22769100341223986 0.4445504885052939 0.3277585080824663  error 1
0.27653204420482913 0.4391352767813453 0.28433267901382553  error 
0.12657863844359282 0.5174882317525846 0.3559331298038226  error 
0.2000562047733043 0.49614244254707757 0.30380135267961816  error 
0.1568717083743648 0.5314673939969972 0.31166089762863813  error 
0.23677086575346756 0.5122593873765301 0.2509697468700022  right 
0.15431195591275831 0.562130209579278 0.2835578345079637  right 
0.15250004993550695 0.5141968104627901 0.3333031396017029  error 
0.20586444199054144 0.5239212805548943 0.27021427745456433  error 
0.12366277203645036 0.6144541296064603 0.26188309835708945  right 
0.1013393059044204 0.5440400504246242 0.35462064367095547  error 
0.128558244945812 0.6370268645159227 0.2344148905382653  right 
0.13076509198972427 0.6305998674172443 0.2386350405930314  right 
0.15154741199216584 0.5194553754910964 0.32899721251673764  error 
0.26762649063618316 0.3927312290814371 0.3396422802823797  error 1
0.12700583008348174 0.5192563606522036 0.35373780926431475  error 
0.20198759091810825 0.4724577588825259 0.3255546501993658  error 1
0.16288428923151682 0.5262018975972117 0.3109138131712716  right 
0.13026840847569202 0.6319352617653241 0.23779632975898393  right 
0.12328077672633926 0.5004484914677656 0.37627073180589515  error 
0.20099576111683704 0.4934422412462077 0.30556199763695524  error 1
0.20099576111683704 0.4934422412462077 0.30556199763695524  error 1
0.16379581925198813 0.5271220049412904 0.3090821758067216  right 
0.12942182031273186 0.512878775758966 0.3576994039283022  error 
0.12635988175376484 0.5187669485922841 0.35487316965395105  right 
0.20099576111683704 0.4934422412462077 0.30556199763695524  error 1
0.13380318776782607 0.620792589381604 0.24540422285056995  right 
0.09815336425321909 0.5957922950689861 0.3060543406777947  right 
0.129055928200774 0.6354464120161298 0.23549765978309617  right 
0.12200059534844962 0.6682886994323244 0.20971070521922588  right 
0.1064729021104139 0.5319091036399476 0.3616179942496385  error 
0.1103836799119589 0.5213414470093366 0.3682748730787045  error 
0.19513304647042662 0.43773238260208047 0.3671345709274928  error 
0.10405310066369511 0.5387543125618751 0.3571925867744297  error 
0.3047714942256733 0.4634309525931918 0.23179755318113485  error 1
0.16723426182672152 0.28753011983305643 0.545235618340222  right 
0.19651105088869505 0.5728376417694915 0.23065130734181355  right 
0.20112017913901784 0.433229124239096 0.36565069662188615  error 
0.2023021856544694 0.6750851172631803 0.12261269708235015  error 
0.13085959480255183 0.6294990952900611 0.2396413099073872  error 
0.11378094815860351 0.5869316807236069 0.2992873711177895  right 
0.10095474274263116 0.5419591500715577 0.357086107185811  right 
0.23696247438501158 0.25388376369004895 0.5091537619249396  error 
0.10161797286568966 0.5430623892955495 0.35531963783876075  right 
0.16164554822199786 0.5396481139225374 0.2987063378554647  right 
0.19277428112148381 0.6073569903488852 0.19986872852963097  right 
0.1280609815165352 0.4994445719417025 0.3724944465417623  error 1
0.14338785795383613 0.43174606580923125 0.4248660762369327  error 
0.18314912871500771 0.45126203977385415 0.36558883151113813  error 1
0.2130007306008038 0.38935702607292416 0.397642243326272  error 
0.11973388451976853 0.5120220565288505 0.36824405895138107  error 
0.2027625127203731 0.38782359673625216 0.4094138905433748  error 
0.12682007219404123 0.523232391948358 0.34994753585760063  right 
0.21791598682529423 0.43296213309449466 0.3491218800802113  error 1
0.19277428112148381 0.6073569903488852 0.19986872852963097  right 
0.27400000948380937 0.43278129476303157 0.2932186957531591  error 
0.19987925904532214 0.49242008354012723 0.3077006574145507  error 
0.15960439446468272 0.5508295895255335 0.2895660160097838  right
0.19963014407737212 0.5029174310435321 0.2974524248790958  right 
0.1643433333227403 0.5278301500823236 0.3078265165949361  right 
0.12894066850870878 0.6357568783483346 0.23530245314295653  right 
0.20099576111683704 0.4934422412462077 0.30556199763695524  error 1
0.16212629743173826 0.5357066679308224 0.30216703463743927  right 
0.2145293165820639 0.5886770158829362 0.196793667535  right 
0.21520059941715672 0.552404849220022 0.23239455136282128  right 
0.16455588923556902 0.5277809086258202 0.30766320213861076  error 
0.1499930352949725 0.5157341614031803 0.33427280330184733  error 
0.2907159226538488 0.410586404143803 0.2986976732023482  error 1
0.1514002913888755 0.5177776715898388 0.3308220370212858  right 
0.10460371333225363 0.5615085253003103 0.33388776136743614  right 
0.1885010370542004 0.4730036062485222 0.33849535669727737  error 
0.29010125588644564 0.41177521424418967 0.29812352986936463  error 1
0.17968245301825217 0.3171184490028841 0.5031990979788638  error 
0.1643321414134499 0.5275794793292019 0.30808837925734806  error 
0.20142285681915278 0.48977882644150145 0.30879831673934566  error 
0.23800994922832883 0.5429379647326825 0.21905208603898874  right 
0.2919682343005838 0.415043171191233 0.2929885945081832  error 1
0.09780382055494082 0.5715132561546854 0.33068292329037374  error 
0.19464006369314613 0.26087004040143724 0.5444898959054165  right 
0.1162909671164812 0.6278715053372423 0.2558375275462764  right 
0.10045557587378057 0.5476295922072334 0.351914831918986  right 
0.1264192816922077 0.5182293483158439 0.3553513699919485  error 
0.10393643241313044 0.5464995847177575 0.34956398286911217  right 
0.23179278292320557 0.27763213655605246 0.49057508052074195  error 
0.2150805023385961 0.5878247721440475 0.19709472551735652  error 
0.12687486388574443 0.515438920364376 0.3576862157498795  error 
0.13153393130810598 0.6270856037587683 0.24138046493312576  error 
0.15895253775675336 0.5943001351816111 0.24674732706163557  error 
0.17186200059690263 0.35293036045127835 0.47520763895181917  error 
0.20546029601209853 0.28279587325853456 0.5117438307293669  error 
0.18483472167127665 0.41473966341876706 0.4004256149099562  error 
0.1459805155922764 0.4636923388212458 0.3903271455864778  error 
0.12160275092484507 0.6679233207157775 0.2104739283593773  right 
0.1582632975025761 0.5484480710044223 0.2932886314930016  error 
0.1547007196924265 0.5585433939246618 0.2867558863829117  error 
0.19692826246100154 0.52013797857812 0.2829337589608783  error 
0.11514593223143871 0.6979807772892612 0.18687329047930007  right 
0.17802854375198537 0.3915413898378992 0.43043006641011544  error 
0.2024960069918886 0.37951496284022784 0.41798903016788364  error 
0.2361136215888943 0.25707394954474155 0.5068124288663641  error 
0.324384004856887 0.4236798746597671 0.251936120483346  error 
0.16852104824822453 0.38684052996950574 0.44463842178226964  error 
0.14971324232362107 0.573777726573739 0.27650903110263986  error 
0.11556729763033166 0.7032924479047272 0.18114025446494117  right 
0.1899392046016732 0.4777088691652283 0.33235192623309845  error 1
0.15253125645088914 0.5150117676121952 0.33245697593691564  error 
0.16074488648121085 0.6996672820452552 0.13958783147353387  error 
0.1846757125008734 0.35076522760370465 0.464559059895422  error 1
0.11502777464648403 0.7042393952392859 0.18073283011423003  right 
0.13577084755158383 0.6117595428091407 0.25246960963927545  right 
0.16297106718068552 0.6965650302375351 0.14046390258177938  error 
0.22530053736326883 0.5740891098258915 0.20061035281083978  right 
0.1993589221837272 0.458611646303624 0.34202943151264886  error 1
0.23591469797897532 0.45005711039157564 0.31402819162944906  error 1
0.2893992843693872 0.4175309579341584 0.2930697576964543  error 1
0.20070611425830415 0.4270408070488026 0.3722530786928933  error 
0.194101819021766 0.4777993698313792 0.3280988111468548  error 1
0.15202768692302066 0.5471175836469873 0.3008547294299922  error 
0.16454779210947232 0.5281162916685135 0.30733591622201406  right 